4294967278,45
4294967278,43
4294967278,34
4294967279,45
4294967294,18
4294967294,127
4294967294,14
4294967294,126
4294967294,20
4294967294,13
4294967294,30
4294967294,1167
4294967294,1166
4294967294,1164
4294967294,1163
4294967294,1158
4294967294,1019
4294967294,992
4294967294,990
4294967294,989
4294967294,988
4294967294,987
4294967294,60
4294967294,12
5,4
4294967278,29
4294967278,260
4294967279,395
4294967279,29
4294967279,18
4294967279,14
4294967279,568
4294967278,310
4294967278,309
4294967279,528
4294967278,308
4294967278,415
257,5
257,4
257,3
257,2
257,1
256,5
4294967279,155
4294967279,154
256,4
256,3
256,2
256,1
4294967278,414
4294967294,162
4294967294,1089
4294967278,413
4294967278,277
254,6
4294967278,139
254,5
254,4
254,3
254,2
254,1
4294967279,422
4294967279,134
4294967279,279
4294967279,12
4294967279,264
4294967279,393
4294967278,267
4294967279,262
4294967278,281
4294967278,412
4294967279,256
4294967278,258
251,5
251,4
251,3
251,2
251,1
4294967279,548
4294967278,355
4294967279,250
4294967279,421
4294967279,420
4294967279,542
4294967279,243
4294967278,242
4294967294,387
4294967279,223
247,6
4294967279,217
4294967279,392
4294967278,218
247,5
247,4
247,3
247,2
247,1
4294967278,381
4294967294,409
4294967294,187
4294967294,399
4294967294,1172
4294967294,398
4294967294,444
4294967294,463
4294967294,108
4294967278,386
246,5
246,4
246,3
246,2
246,1
4294967279,201
245,5
245,4
245,3
245,2
245,1
4294967279,390
4294967278,375
4294967279,532
4294967279,280
244,5
4294967279,191
244,4
244,3
244,2
244,1
4294967278,392
4294967294,1095
4294967279,187
4294967279,307
4294967278,411
242,4
4294967278,179
242,3
242,2
242,1
4294967279,179
4294967278,410
4294967278,302
4294967279,297
4294967278,46
4294967279,312
4294967279,391
4294967279,530
4294967279,56
4294967279,49
4294967279,38
4294967279,37
4294967279,19
4294967279,11
4294967279,419
4294967279,53
4294967279,159
4294967294,1418
4294967294,176
4294967294,1090
4294967279,40
241,5
4294967278,148
241,4
241,3
241,2
241,1
4294967279,524
240,5
4294967294,392
4294967294,437
4294967279,30
4294967279,138
240,4
240,3
240,2
240,1
4294967279,283
4294967278,270
4294967278,269
4294967278,268
4294967279,263
4294967278,264
238,6
238,5
238,4
238,3
238,2
238,1
4294967278,318
4294967278,409
4294967279,551
4294967278,362
4294967279,418
4294967278,361
4294967279,566
4294967278,384
4294967278,358
4294967294,491
4294967294,451
4294967279,417
4294967278,238
235,5
235,4
235,2
235,1
4294967279,416
4294967279,221
4294967278,217
4294967279,216
4294967279,415
4294967294,490
4294967278,201
231,6
231,5
231,4
231,3
231,2
231,1
4294967278,408
230,5
230,4
230,3
230,2
230,1
4294967278,314
4294967279,184
229,5
229,4
229,3
229,2
229,1
4294967278,341
228,5
228,4
228,3
228,2
228,1
4294967278,171
4294967278,329
226,4
226,3
226,2
226,1
4294967279,161
4294967278,311
4294967294,401
4294967294,1013
4294967278,373
4294967294,168
4294967294,406
4294967294,411
4294967294,450
4294967294,418
4294967294,386
4294967278,324
4294967278,340
4294967279,51
4294967279,268
4294967279,47
4294967279,318
4294967279,42
4294967279,523
4294967279,33
4294967279,521
4294967279,31
4294967279,414
4294967279,36
4294967278,334
4294967279,289
4294967278,145
4294967278,144
4294967278,143
4294967279,142
4294967279,141
225,5
225,4
225,3
225,2
225,1
4294967278,339
4294967278,288
4294967278,407
4294967279,517
4294967278,274
224,5
4294967279,258
224,4
224,3
224,2
224,1
4294967278,331
4294967279,257
4294967279,255
4294967279,254
4294967278,391
4294967279,555
4294967279,259
4294967279,565
4294967278,360
4294967279,575
4294967278,359
4294967278,372
4294967278,406
222,6
222,5
4294967278,254
222,4
4294967279,564
222,3
222,2
222,1
4294967278,244
4294967279,244
4294967279,240
4294967294,389
4294967294,388
4294967279,214
219,5
219,4
219,2
219,1
4294967279,210
4294967279,209
4294967294,89
4294967278,380
4294967279,200
4294967278,405
4294967278,193
4294967279,195
4294967278,365
215,6
4294967294,390
4294967278,404
215,5
215,4
215,3
215,2
215,1
214,5
214,4
214,3
214,2
214,1
4294967279,298
213,5
213,4
213,3
213,2
213,1
4294967294,470
4294967279,165
4294967294,1016
4294967294,1000
4294967294,186
4294967294,1001
4294967294,1176
4294967294,448
4294967294,467
4294967294,400
4294967294,465
4294967294,191
212,5
212,4
212,3
212,2
212,1
4294967294,489
4294967294,424
4294967279,413
4294967294,1
4294967294,17
4294967294,99
4294967294,76
210,4
210,3
210,2
210,1
0,7
4294967294,0
4294967294,5
4294967278,291
4294967294,115
4294967294,120
4294967294,114
4294967294,2
4294967279,412
4294967279,514
4294967294,40
4294967294,41
4294967294,38
4294967294,37
4294967294,36
4294967294,39
4294967294,42
4294967294,67
4294967294,107
4294967294,50
4294967294,999
4294967294,1014
4294967294,170
4294967294,998
4294967294,46
4294967294,91
4294967294,90
4294967294,87
4294967294,86
4294967294,85
4294967294,84
4294967294,419
4294967294,1175
4294967294,1174
4294967294,29
4294967294,1017
4294967294,28
4294967294,27
4294967294,1018
4294967294,53
4294967294,417
4294967294,51
4294967294,52
4294967294,1420
4294967294,45
4294967294,427
4294967294,44
4294967294,436
4294967294,43
4294967294,96
4294967294,94
4294967294,9
4294967294,8
4294967294,7
4294967294,22
4294967294,93
4294967294,95
4294967294,1101
4294967294,92
4294967294,88
4294967294,81
4294967294,1098
4294967294,1419
4294967294,11
4294967294,68
4294967278,132
4294967278,131
4294967278,130
4294967278,129
4294967278,128
4294967278,127
4294967278,126
4294967278,125
4294967278,124
4294967278,123
4294967278,122
4294967278,121
4294967278,120
4294967278,119
4294967278,118
4294967278,117
4294967278,116
4294967278,115
4294967278,114
4294967278,113
4294967278,112
4294967278,111
4294967278,110
4294967278,109
4294967278,108
4294967278,107
4294967278,106
4294967278,105
4294967278,104
4294967278,103
4294967278,102
4294967278,101
4294967278,100
4294967278,99
4294967278,98
4294967278,97
4294967278,95
4294967278,92
4294967278,90
4294967278,89
4294967278,87
4294967278,86
4294967278,85
4294967278,84
4294967278,83
4294967278,82
4294967278,80
4294967278,73
4294967278,71
4294967278,70
4294967278,69
4294967278,68
4294967278,66
4294967278,65
4294967278,64
4294967278,63
4294967278,61
4294967278,60
4294967278,57
4294967278,56
4294967278,55
4294967278,54
4294967278,53
4294967278,52
4294967278,51
4294967278,50
4294967278,49
4294967279,174
4294967279,59
4294967279,58
4294967279,57
4294967279,54
4294967279,41
4294967279,34
4294967279,25
4294967279,17
4294967279,13
4294967279,6
4294967278,289
4294967278,320
4294967278,276
4294967279,270
4294967279,411
4294967278,287
4294967279,15
4294967279,275
209,5
209,4
209,3
209,2
209,1
4294967279,4
208,5
208,4
208,3
208,2
208,1
4294967278,250
4294967278,240
4294967279,239
4294967279,410
206,6
206,5
206,4
